/*--------------------------------*- C++ -*----------------------------------*\
  =========                 |
  \\      /  F ield         | OpenFOAM: The Open Source CFD Toolbox
   \\    /   O peration     | Website:  https://openfoam.org
    \\  /    A nd           | Version:  9
     \\/     M anipulation  |
\*---------------------------------------------------------------------------*/
FoamFile
{
    format      ascii;
    class       faceList;
    location    "constant/polyMesh";
    object      faces;
}
// * * * * * * * * * * * * * * * * * * * * * * * * * * * * * * * * * * * * * //


1240
(
4(1 12 133 122)
4(11 132 133 12)
4(2 13 134 123)
4(12 133 134 13)
4(3 14 135 124)
4(13 134 135 14)
4(4 15 136 125)
4(14 135 136 15)
4(5 16 137 126)
4(15 136 137 16)
4(6 17 138 127)
4(16 137 138 17)
4(7 18 139 128)
4(17 138 139 18)
4(8 19 140 129)
4(18 139 140 19)
4(9 20 141 130)
4(19 140 141 20)
4(20 141 142 21)
4(10 21 142 131)
4(12 23 144 133)
4(22 143 144 23)
4(13 24 145 134)
4(23 144 145 24)
4(14 25 146 135)
4(24 145 146 25)
4(15 26 147 136)
4(25 146 147 26)
4(16 27 148 137)
4(26 147 148 27)
4(17 28 149 138)
4(27 148 149 28)
4(18 29 150 139)
4(28 149 150 29)
4(19 30 151 140)
4(29 150 151 30)
4(20 31 152 141)
4(30 151 152 31)
4(31 152 153 32)
4(21 32 153 142)
4(23 34 155 144)
4(33 154 155 34)
4(24 35 156 145)
4(34 155 156 35)
4(25 36 157 146)
4(35 156 157 36)
4(26 37 158 147)
4(36 157 158 37)
4(27 38 159 148)
4(37 158 159 38)
4(28 39 160 149)
4(38 159 160 39)
4(29 40 161 150)
4(39 160 161 40)
4(30 41 162 151)
4(40 161 162 41)
4(31 42 163 152)
4(41 162 163 42)
4(42 163 164 43)
4(32 43 164 153)
4(34 45 166 155)
4(44 165 166 45)
4(35 46 167 156)
4(45 166 167 46)
4(36 47 168 157)
4(46 167 168 47)
4(37 48 169 158)
4(47 168 169 48)
4(38 49 170 159)
4(48 169 170 49)
4(39 50 171 160)
4(49 170 171 50)
4(40 51 172 161)
4(50 171 172 51)
4(41 52 173 162)
4(51 172 173 52)
4(42 53 174 163)
4(52 173 174 53)
4(53 174 175 54)
4(43 54 175 164)
4(45 56 177 166)
4(55 176 177 56)
4(46 57 178 167)
4(56 177 178 57)
4(47 58 179 168)
4(57 178 179 58)
4(48 59 180 169)
4(58 179 180 59)
4(49 60 181 170)
4(59 180 181 60)
4(50 61 182 171)
4(60 181 182 61)
4(51 62 183 172)
4(61 182 183 62)
4(52 63 184 173)
4(62 183 184 63)
4(53 64 185 174)
4(63 184 185 64)
4(64 185 186 65)
4(54 65 186 175)
4(56 67 188 177)
4(66 187 188 67)
4(57 68 189 178)
4(67 188 189 68)
4(58 69 190 179)
4(68 189 190 69)
4(59 70 191 180)
4(69 190 191 70)
4(60 71 192 181)
4(70 191 192 71)
4(61 72 193 182)
4(71 192 193 72)
4(62 73 194 183)
4(72 193 194 73)
4(63 74 195 184)
4(73 194 195 74)
4(64 75 196 185)
4(74 195 196 75)
4(75 196 197 76)
4(65 76 197 186)
4(67 78 199 188)
4(77 198 199 78)
4(68 79 200 189)
4(78 199 200 79)
4(69 80 201 190)
4(79 200 201 80)
4(70 81 202 191)
4(80 201 202 81)
4(71 82 203 192)
4(81 202 203 82)
4(72 83 204 193)
4(82 203 204 83)
4(73 84 205 194)
4(83 204 205 84)
4(74 85 206 195)
4(84 205 206 85)
4(75 86 207 196)
4(85 206 207 86)
4(86 207 208 87)
4(76 87 208 197)
4(78 89 210 199)
4(88 209 210 89)
4(79 90 211 200)
4(89 210 211 90)
4(80 91 212 201)
4(90 211 212 91)
4(81 92 213 202)
4(91 212 213 92)
4(82 93 214 203)
4(92 213 214 93)
4(83 94 215 204)
4(93 214 215 94)
4(84 95 216 205)
4(94 215 216 95)
4(85 96 217 206)
4(95 216 217 96)
4(86 97 218 207)
4(96 217 218 97)
4(97 218 219 98)
4(87 98 219 208)
4(89 100 221 210)
4(99 220 221 100)
4(90 101 222 211)
4(100 221 222 101)
4(91 102 223 212)
4(101 222 223 102)
4(92 103 224 213)
4(102 223 224 103)
4(93 104 225 214)
4(103 224 225 104)
4(94 105 226 215)
4(104 225 226 105)
4(95 106 227 216)
4(105 226 227 106)
4(96 107 228 217)
4(106 227 228 107)
4(97 108 229 218)
4(107 228 229 108)
4(108 229 230 109)
4(98 109 230 219)
4(100 111 232 221)
4(101 112 233 222)
4(102 113 234 223)
4(103 114 235 224)
4(104 115 236 225)
4(105 116 237 226)
4(106 117 238 227)
4(107 118 239 228)
4(108 119 240 229)
4(109 120 241 230)
4(242 252 362 352)
4(21 142 362 252)
4(243 253 363 353)
4(252 362 363 253)
4(244 254 364 354)
4(253 363 364 254)
4(245 255 365 355)
4(254 364 365 255)
4(246 256 366 356)
4(255 365 366 256)
4(247 257 367 357)
4(256 366 367 257)
4(248 258 368 358)
4(257 367 368 258)
4(249 259 369 359)
4(258 368 369 259)
4(250 260 370 360)
4(259 369 370 260)
4(260 370 371 261)
4(251 261 371 361)
4(252 262 372 362)
4(32 153 372 262)
4(253 263 373 363)
4(262 372 373 263)
4(254 264 374 364)
4(263 373 374 264)
4(255 265 375 365)
4(264 374 375 265)
4(256 266 376 366)
4(265 375 376 266)
4(257 267 377 367)
4(266 376 377 267)
4(258 268 378 368)
4(267 377 378 268)
4(259 269 379 369)
4(268 378 379 269)
4(260 270 380 370)
4(269 379 380 270)
4(270 380 381 271)
4(261 271 381 371)
4(262 272 382 372)
4(43 164 382 272)
4(263 273 383 373)
4(272 382 383 273)
4(264 274 384 374)
4(273 383 384 274)
4(265 275 385 375)
4(274 384 385 275)
4(266 276 386 376)
4(275 385 386 276)
4(267 277 387 377)
4(276 386 387 277)
4(268 278 388 378)
4(277 387 388 278)
4(269 279 389 379)
4(278 388 389 279)
4(270 280 390 380)
4(279 389 390 280)
4(280 390 391 281)
4(271 281 391 381)
4(272 282 392 382)
4(54 175 392 282)
4(273 283 393 383)
4(282 392 393 283)
4(274 284 394 384)
4(283 393 394 284)
4(275 285 395 385)
4(284 394 395 285)
4(276 286 396 386)
4(285 395 396 286)
4(277 287 397 387)
4(286 396 397 287)
4(278 288 398 388)
4(287 397 398 288)
4(279 289 399 389)
4(288 398 399 289)
4(280 290 400 390)
4(289 399 400 290)
4(290 400 401 291)
4(281 291 401 391)
4(282 292 402 392)
4(65 186 402 292)
4(283 293 403 393)
4(292 402 403 293)
4(284 294 404 394)
4(293 403 404 294)
4(285 295 405 395)
4(294 404 405 295)
4(286 296 406 396)
4(295 405 406 296)
4(287 297 407 397)
4(296 406 407 297)
4(288 298 408 398)
4(297 407 408 298)
4(289 299 409 399)
4(298 408 409 299)
4(290 300 410 400)
4(299 409 410 300)
4(300 410 411 301)
4(291 301 411 401)
4(292 302 412 402)
4(76 197 412 302)
4(293 303 413 403)
4(302 412 413 303)
4(294 304 414 404)
4(303 413 414 304)
4(295 305 415 405)
4(304 414 415 305)
4(296 306 416 406)
4(305 415 416 306)
4(297 307 417 407)
4(306 416 417 307)
4(298 308 418 408)
4(307 417 418 308)
4(299 309 419 409)
4(308 418 419 309)
4(300 310 420 410)
4(309 419 420 310)
4(310 420 421 311)
4(301 311 421 411)
4(302 312 422 412)
4(87 208 422 312)
4(303 313 423 413)
4(312 422 423 313)
4(304 314 424 414)
4(313 423 424 314)
4(305 315 425 415)
4(314 424 425 315)
4(306 316 426 416)
4(315 425 426 316)
4(307 317 427 417)
4(316 426 427 317)
4(308 318 428 418)
4(317 427 428 318)
4(309 319 429 419)
4(318 428 429 319)
4(310 320 430 420)
4(319 429 430 320)
4(320 430 431 321)
4(311 321 431 421)
4(312 322 432 422)
4(98 219 432 322)
4(313 323 433 423)
4(322 432 433 323)
4(314 324 434 424)
4(323 433 434 324)
4(315 325 435 425)
4(324 434 435 325)
4(316 326 436 426)
4(325 435 436 326)
4(317 327 437 427)
4(326 436 437 327)
4(318 328 438 428)
4(327 437 438 328)
4(319 329 439 429)
4(328 438 439 329)
4(320 330 440 430)
4(329 439 440 330)
4(330 440 441 331)
4(321 331 441 431)
4(322 332 442 432)
4(109 230 442 332)
4(323 333 443 433)
4(332 442 443 333)
4(324 334 444 434)
4(333 443 444 334)
4(325 335 445 435)
4(334 444 445 335)
4(326 336 446 436)
4(335 445 446 336)
4(327 337 447 437)
4(336 446 447 337)
4(328 338 448 438)
4(337 447 448 338)
4(329 339 449 439)
4(338 448 449 339)
4(330 340 450 440)
4(339 449 450 340)
4(340 450 451 341)
4(331 341 451 441)
4(332 342 452 442)
4(333 343 453 443)
4(334 344 454 444)
4(335 345 455 445)
4(336 346 456 446)
4(337 347 457 447)
4(338 348 458 448)
4(339 349 459 449)
4(340 350 460 450)
4(341 351 461 451)
4(462 472 582 572)
4(261 371 582 472)
4(463 473 583 573)
4(472 582 583 473)
4(464 474 584 574)
4(473 583 584 474)
4(465 475 585 575)
4(474 584 585 475)
4(466 476 586 576)
4(475 585 586 476)
4(467 477 587 577)
4(476 586 587 477)
4(468 478 588 578)
4(477 587 588 478)
4(469 479 589 579)
4(478 588 589 479)
4(470 480 590 580)
4(479 589 590 480)
4(480 590 591 481)
4(472 482 592 582)
4(271 381 592 482)
4(473 483 593 583)
4(482 592 593 483)
4(474 484 594 584)
4(483 593 594 484)
4(475 485 595 585)
4(484 594 595 485)
4(476 486 596 586)
4(485 595 596 486)
4(477 487 597 587)
4(486 596 597 487)
4(478 488 598 588)
4(487 597 598 488)
4(479 489 599 589)
4(488 598 599 489)
4(480 490 600 590)
4(489 599 600 490)
4(490 600 601 491)
4(482 492 602 592)
4(281 391 602 492)
4(483 493 603 593)
4(492 602 603 493)
4(484 494 604 594)
4(493 603 604 494)
4(485 495 605 595)
4(494 604 605 495)
4(486 496 606 596)
4(495 605 606 496)
4(487 497 607 597)
4(496 606 607 497)
4(488 498 608 598)
4(497 607 608 498)
4(489 499 609 599)
4(498 608 609 499)
4(490 500 610 600)
4(499 609 610 500)
4(500 610 611 501)
4(492 502 612 602)
4(291 401 612 502)
4(493 503 613 603)
4(502 612 613 503)
4(494 504 614 604)
4(503 613 614 504)
4(495 505 615 605)
4(504 614 615 505)
4(496 506 616 606)
4(505 615 616 506)
4(497 507 617 607)
4(506 616 617 507)
4(498 508 618 608)
4(507 617 618 508)
4(499 509 619 609)
4(508 618 619 509)
4(500 510 620 610)
4(509 619 620 510)
4(510 620 621 511)
4(502 512 622 612)
4(301 411 622 512)
4(503 513 623 613)
4(512 622 623 513)
4(504 514 624 614)
4(513 623 624 514)
4(505 515 625 615)
4(514 624 625 515)
4(506 516 626 616)
4(515 625 626 516)
4(507 517 627 617)
4(516 626 627 517)
4(508 518 628 618)
4(517 627 628 518)
4(509 519 629 619)
4(518 628 629 519)
4(510 520 630 620)
4(519 629 630 520)
4(520 630 631 521)
4(512 522 632 622)
4(311 421 632 522)
4(513 523 633 623)
4(522 632 633 523)
4(514 524 634 624)
4(523 633 634 524)
4(515 525 635 625)
4(524 634 635 525)
4(516 526 636 626)
4(525 635 636 526)
4(517 527 637 627)
4(526 636 637 527)
4(518 528 638 628)
4(527 637 638 528)
4(519 529 639 629)
4(528 638 639 529)
4(520 530 640 630)
4(529 639 640 530)
4(530 640 641 531)
4(522 532 642 632)
4(321 431 642 532)
4(523 533 643 633)
4(532 642 643 533)
4(524 534 644 634)
4(533 643 644 534)
4(525 535 645 635)
4(534 644 645 535)
4(526 536 646 636)
4(535 645 646 536)
4(527 537 647 637)
4(536 646 647 537)
4(528 538 648 638)
4(537 647 648 538)
4(529 539 649 639)
4(538 648 649 539)
4(530 540 650 640)
4(539 649 650 540)
4(540 650 651 541)
4(532 542 652 642)
4(331 441 652 542)
4(533 543 653 643)
4(542 652 653 543)
4(534 544 654 644)
4(543 653 654 544)
4(535 545 655 645)
4(544 654 655 545)
4(536 546 656 646)
4(545 655 656 546)
4(537 547 657 647)
4(546 656 657 547)
4(538 548 658 648)
4(547 657 658 548)
4(539 549 659 649)
4(548 658 659 549)
4(540 550 660 650)
4(549 659 660 550)
4(550 660 661 551)
4(542 552 662 652)
4(341 451 662 552)
4(543 553 663 653)
4(552 662 663 553)
4(544 554 664 654)
4(553 663 664 554)
4(545 555 665 655)
4(554 664 665 555)
4(546 556 666 656)
4(555 665 666 556)
4(547 557 667 657)
4(556 666 667 557)
4(548 558 668 658)
4(557 667 668 558)
4(549 559 669 659)
4(558 668 669 559)
4(550 560 670 660)
4(559 669 670 560)
4(560 670 671 561)
4(552 562 672 662)
4(553 563 673 663)
4(554 564 674 664)
4(555 565 675 665)
4(556 566 676 666)
4(557 567 677 667)
4(558 568 678 668)
4(559 569 679 669)
4(560 570 680 670)
4(0 121 132 11)
4(11 132 143 22)
4(22 143 154 33)
4(33 154 165 44)
4(44 165 176 55)
4(55 176 187 66)
4(66 187 198 77)
4(77 198 209 88)
4(88 209 220 99)
4(99 220 231 110)
4(471 481 591 581)
4(481 491 601 591)
4(491 501 611 601)
4(501 511 621 611)
4(511 521 631 621)
4(521 531 641 631)
4(531 541 651 641)
4(541 551 661 651)
4(551 561 671 661)
4(561 571 681 671)
4(0 1 122 121)
4(1 2 123 122)
4(2 3 124 123)
4(3 4 125 124)
4(4 5 126 125)
4(5 6 127 126)
4(6 7 128 127)
4(7 8 129 128)
4(8 9 130 129)
4(9 10 131 130)
4(10 242 352 131)
4(242 243 353 352)
4(243 244 354 353)
4(244 245 355 354)
4(245 246 356 355)
4(246 247 357 356)
4(247 248 358 357)
4(248 249 359 358)
4(249 250 360 359)
4(250 251 361 360)
4(251 462 572 361)
4(462 463 573 572)
4(463 464 574 573)
4(464 465 575 574)
4(465 466 576 575)
4(466 467 577 576)
4(467 468 578 577)
4(468 469 579 578)
4(469 470 580 579)
4(470 471 581 580)
4(120 241 452 342)
4(342 452 453 343)
4(343 453 454 344)
4(344 454 455 345)
4(345 455 456 346)
4(346 456 457 347)
4(347 457 458 348)
4(348 458 459 349)
4(349 459 460 350)
4(350 460 461 351)
4(110 231 232 111)
4(111 232 233 112)
4(112 233 234 113)
4(113 234 235 114)
4(114 235 236 115)
4(115 236 237 116)
4(116 237 238 117)
4(117 238 239 118)
4(118 239 240 119)
4(119 240 241 120)
4(351 461 672 562)
4(562 672 673 563)
4(563 673 674 564)
4(564 674 675 565)
4(565 675 676 566)
4(566 676 677 567)
4(567 677 678 568)
4(568 678 679 569)
4(569 679 680 570)
4(570 680 681 571)
4(0 11 12 1)
4(11 22 23 12)
4(22 33 34 23)
4(33 44 45 34)
4(44 55 56 45)
4(55 66 67 56)
4(66 77 78 67)
4(77 88 89 78)
4(88 99 100 89)
4(99 110 111 100)
4(1 12 13 2)
4(12 23 24 13)
4(23 34 35 24)
4(34 45 46 35)
4(45 56 57 46)
4(56 67 68 57)
4(67 78 79 68)
4(78 89 90 79)
4(89 100 101 90)
4(100 111 112 101)
4(2 13 14 3)
4(13 24 25 14)
4(24 35 36 25)
4(35 46 47 36)
4(46 57 58 47)
4(57 68 69 58)
4(68 79 80 69)
4(79 90 91 80)
4(90 101 102 91)
4(101 112 113 102)
4(3 14 15 4)
4(14 25 26 15)
4(25 36 37 26)
4(36 47 48 37)
4(47 58 59 48)
4(58 69 70 59)
4(69 80 81 70)
4(80 91 92 81)
4(91 102 103 92)
4(102 113 114 103)
4(4 15 16 5)
4(15 26 27 16)
4(26 37 38 27)
4(37 48 49 38)
4(48 59 60 49)
4(59 70 71 60)
4(70 81 82 71)
4(81 92 93 82)
4(92 103 104 93)
4(103 114 115 104)
4(5 16 17 6)
4(16 27 28 17)
4(27 38 39 28)
4(38 49 50 39)
4(49 60 61 50)
4(60 71 72 61)
4(71 82 83 72)
4(82 93 94 83)
4(93 104 105 94)
4(104 115 116 105)
4(6 17 18 7)
4(17 28 29 18)
4(28 39 40 29)
4(39 50 51 40)
4(50 61 62 51)
4(61 72 73 62)
4(72 83 84 73)
4(83 94 95 84)
4(94 105 106 95)
4(105 116 117 106)
4(7 18 19 8)
4(18 29 30 19)
4(29 40 41 30)
4(40 51 52 41)
4(51 62 63 52)
4(62 73 74 63)
4(73 84 85 74)
4(84 95 96 85)
4(95 106 107 96)
4(106 117 118 107)
4(8 19 20 9)
4(19 30 31 20)
4(30 41 42 31)
4(41 52 53 42)
4(52 63 64 53)
4(63 74 75 64)
4(74 85 86 75)
4(85 96 97 86)
4(96 107 108 97)
4(107 118 119 108)
4(9 20 21 10)
4(20 31 32 21)
4(31 42 43 32)
4(42 53 54 43)
4(53 64 65 54)
4(64 75 76 65)
4(75 86 87 76)
4(86 97 98 87)
4(97 108 109 98)
4(108 119 120 109)
4(121 122 133 132)
4(132 133 144 143)
4(143 144 155 154)
4(154 155 166 165)
4(165 166 177 176)
4(176 177 188 187)
4(187 188 199 198)
4(198 199 210 209)
4(209 210 221 220)
4(220 221 232 231)
4(122 123 134 133)
4(133 134 145 144)
4(144 145 156 155)
4(155 156 167 166)
4(166 167 178 177)
4(177 178 189 188)
4(188 189 200 199)
4(199 200 211 210)
4(210 211 222 221)
4(221 222 233 232)
4(123 124 135 134)
4(134 135 146 145)
4(145 146 157 156)
4(156 157 168 167)
4(167 168 179 178)
4(178 179 190 189)
4(189 190 201 200)
4(200 201 212 211)
4(211 212 223 222)
4(222 223 234 233)
4(124 125 136 135)
4(135 136 147 146)
4(146 147 158 157)
4(157 158 169 168)
4(168 169 180 179)
4(179 180 191 190)
4(190 191 202 201)
4(201 202 213 212)
4(212 213 224 223)
4(223 224 235 234)
4(125 126 137 136)
4(136 137 148 147)
4(147 148 159 158)
4(158 159 170 169)
4(169 170 181 180)
4(180 181 192 191)
4(191 192 203 202)
4(202 203 214 213)
4(213 214 225 224)
4(224 225 236 235)
4(126 127 138 137)
4(137 138 149 148)
4(148 149 160 159)
4(159 160 171 170)
4(170 171 182 181)
4(181 182 193 192)
4(192 193 204 203)
4(203 204 215 214)
4(214 215 226 225)
4(225 226 237 236)
4(127 128 139 138)
4(138 139 150 149)
4(149 150 161 160)
4(160 161 172 171)
4(171 172 183 182)
4(182 183 194 193)
4(193 194 205 204)
4(204 205 216 215)
4(215 216 227 226)
4(226 227 238 237)
4(128 129 140 139)
4(139 140 151 150)
4(150 151 162 161)
4(161 162 173 172)
4(172 173 184 183)
4(183 184 195 194)
4(194 195 206 205)
4(205 206 217 216)
4(216 217 228 227)
4(227 228 239 238)
4(129 130 141 140)
4(140 141 152 151)
4(151 152 163 162)
4(162 163 174 173)
4(173 174 185 184)
4(184 185 196 195)
4(195 196 207 206)
4(206 207 218 217)
4(217 218 229 228)
4(228 229 240 239)
4(130 131 142 141)
4(141 142 153 152)
4(152 153 164 163)
4(163 164 175 174)
4(174 175 186 185)
4(185 186 197 196)
4(196 197 208 207)
4(207 208 219 218)
4(218 219 230 229)
4(229 230 241 240)
4(10 21 252 242)
4(21 32 262 252)
4(32 43 272 262)
4(43 54 282 272)
4(54 65 292 282)
4(65 76 302 292)
4(76 87 312 302)
4(87 98 322 312)
4(98 109 332 322)
4(109 120 342 332)
4(242 252 253 243)
4(252 262 263 253)
4(262 272 273 263)
4(272 282 283 273)
4(282 292 293 283)
4(292 302 303 293)
4(302 312 313 303)
4(312 322 323 313)
4(322 332 333 323)
4(332 342 343 333)
4(243 253 254 244)
4(253 263 264 254)
4(263 273 274 264)
4(273 283 284 274)
4(283 293 294 284)
4(293 303 304 294)
4(303 313 314 304)
4(313 323 324 314)
4(323 333 334 324)
4(333 343 344 334)
4(244 254 255 245)
4(254 264 265 255)
4(264 274 275 265)
4(274 284 285 275)
4(284 294 295 285)
4(294 304 305 295)
4(304 314 315 305)
4(314 324 325 315)
4(324 334 335 325)
4(334 344 345 335)
4(245 255 256 246)
4(255 265 266 256)
4(265 275 276 266)
4(275 285 286 276)
4(285 295 296 286)
4(295 305 306 296)
4(305 315 316 306)
4(315 325 326 316)
4(325 335 336 326)
4(335 345 346 336)
4(246 256 257 247)
4(256 266 267 257)
4(266 276 277 267)
4(276 286 287 277)
4(286 296 297 287)
4(296 306 307 297)
4(306 316 317 307)
4(316 326 327 317)
4(326 336 337 327)
4(336 346 347 337)
4(247 257 258 248)
4(257 267 268 258)
4(267 277 278 268)
4(277 287 288 278)
4(287 297 298 288)
4(297 307 308 298)
4(307 317 318 308)
4(317 327 328 318)
4(327 337 338 328)
4(337 347 348 338)
4(248 258 259 249)
4(258 268 269 259)
4(268 278 279 269)
4(278 288 289 279)
4(288 298 299 289)
4(298 308 309 299)
4(308 318 319 309)
4(318 328 329 319)
4(328 338 339 329)
4(338 348 349 339)
4(249 259 260 250)
4(259 269 270 260)
4(269 279 280 270)
4(279 289 290 280)
4(289 299 300 290)
4(299 309 310 300)
4(309 319 320 310)
4(319 329 330 320)
4(329 339 340 330)
4(339 349 350 340)
4(250 260 261 251)
4(260 270 271 261)
4(270 280 281 271)
4(280 290 291 281)
4(290 300 301 291)
4(300 310 311 301)
4(310 320 321 311)
4(320 330 331 321)
4(330 340 341 331)
4(340 350 351 341)
4(131 352 362 142)
4(142 362 372 153)
4(153 372 382 164)
4(164 382 392 175)
4(175 392 402 186)
4(186 402 412 197)
4(197 412 422 208)
4(208 422 432 219)
4(219 432 442 230)
4(230 442 452 241)
4(352 353 363 362)
4(362 363 373 372)
4(372 373 383 382)
4(382 383 393 392)
4(392 393 403 402)
4(402 403 413 412)
4(412 413 423 422)
4(422 423 433 432)
4(432 433 443 442)
4(442 443 453 452)
4(353 354 364 363)
4(363 364 374 373)
4(373 374 384 383)
4(383 384 394 393)
4(393 394 404 403)
4(403 404 414 413)
4(413 414 424 423)
4(423 424 434 433)
4(433 434 444 443)
4(443 444 454 453)
4(354 355 365 364)
4(364 365 375 374)
4(374 375 385 384)
4(384 385 395 394)
4(394 395 405 404)
4(404 405 415 414)
4(414 415 425 424)
4(424 425 435 434)
4(434 435 445 444)
4(444 445 455 454)
4(355 356 366 365)
4(365 366 376 375)
4(375 376 386 385)
4(385 386 396 395)
4(395 396 406 405)
4(405 406 416 415)
4(415 416 426 425)
4(425 426 436 435)
4(435 436 446 445)
4(445 446 456 455)
4(356 357 367 366)
4(366 367 377 376)
4(376 377 387 386)
4(386 387 397 396)
4(396 397 407 406)
4(406 407 417 416)
4(416 417 427 426)
4(426 427 437 436)
4(436 437 447 446)
4(446 447 457 456)
4(357 358 368 367)
4(367 368 378 377)
4(377 378 388 387)
4(387 388 398 397)
4(397 398 408 407)
4(407 408 418 417)
4(417 418 428 427)
4(427 428 438 437)
4(437 438 448 447)
4(447 448 458 457)
4(358 359 369 368)
4(368 369 379 378)
4(378 379 389 388)
4(388 389 399 398)
4(398 399 409 408)
4(408 409 419 418)
4(418 419 429 428)
4(428 429 439 438)
4(438 439 449 448)
4(448 449 459 458)
4(359 360 370 369)
4(369 370 380 379)
4(379 380 390 389)
4(389 390 400 399)
4(399 400 410 409)
4(409 410 420 419)
4(419 420 430 429)
4(429 430 440 439)
4(439 440 450 449)
4(449 450 460 459)
4(360 361 371 370)
4(370 371 381 380)
4(380 381 391 390)
4(390 391 401 400)
4(400 401 411 410)
4(410 411 421 420)
4(420 421 431 430)
4(430 431 441 440)
4(440 441 451 450)
4(450 451 461 460)
4(251 261 472 462)
4(261 271 482 472)
4(271 281 492 482)
4(281 291 502 492)
4(291 301 512 502)
4(301 311 522 512)
4(311 321 532 522)
4(321 331 542 532)
4(331 341 552 542)
4(341 351 562 552)
4(462 472 473 463)
4(472 482 483 473)
4(482 492 493 483)
4(492 502 503 493)
4(502 512 513 503)
4(512 522 523 513)
4(522 532 533 523)
4(532 542 543 533)
4(542 552 553 543)
4(552 562 563 553)
4(463 473 474 464)
4(473 483 484 474)
4(483 493 494 484)
4(493 503 504 494)
4(503 513 514 504)
4(513 523 524 514)
4(523 533 534 524)
4(533 543 544 534)
4(543 553 554 544)
4(553 563 564 554)
4(464 474 475 465)
4(474 484 485 475)
4(484 494 495 485)
4(494 504 505 495)
4(504 514 515 505)
4(514 524 525 515)
4(524 534 535 525)
4(534 544 545 535)
4(544 554 555 545)
4(554 564 565 555)
4(465 475 476 466)
4(475 485 486 476)
4(485 495 496 486)
4(495 505 506 496)
4(505 515 516 506)
4(515 525 526 516)
4(525 535 536 526)
4(535 545 546 536)
4(545 555 556 546)
4(555 565 566 556)
4(466 476 477 467)
4(476 486 487 477)
4(486 496 497 487)
4(496 506 507 497)
4(506 516 517 507)
4(516 526 527 517)
4(526 536 537 527)
4(536 546 547 537)
4(546 556 557 547)
4(556 566 567 557)
4(467 477 478 468)
4(477 487 488 478)
4(487 497 498 488)
4(497 507 508 498)
4(507 517 518 508)
4(517 527 528 518)
4(527 537 538 528)
4(537 547 548 538)
4(547 557 558 548)
4(557 567 568 558)
4(468 478 479 469)
4(478 488 489 479)
4(488 498 499 489)
4(498 508 509 499)
4(508 518 519 509)
4(518 528 529 519)
4(528 538 539 529)
4(538 548 549 539)
4(548 558 559 549)
4(558 568 569 559)
4(469 479 480 470)
4(479 489 490 480)
4(489 499 500 490)
4(499 509 510 500)
4(509 519 520 510)
4(519 529 530 520)
4(529 539 540 530)
4(539 549 550 540)
4(549 559 560 550)
4(559 569 570 560)
4(470 480 481 471)
4(480 490 491 481)
4(490 500 501 491)
4(500 510 511 501)
4(510 520 521 511)
4(520 530 531 521)
4(530 540 541 531)
4(540 550 551 541)
4(550 560 561 551)
4(560 570 571 561)
4(361 572 582 371)
4(371 582 592 381)
4(381 592 602 391)
4(391 602 612 401)
4(401 612 622 411)
4(411 622 632 421)
4(421 632 642 431)
4(431 642 652 441)
4(441 652 662 451)
4(451 662 672 461)
4(572 573 583 582)
4(582 583 593 592)
4(592 593 603 602)
4(602 603 613 612)
4(612 613 623 622)
4(622 623 633 632)
4(632 633 643 642)
4(642 643 653 652)
4(652 653 663 662)
4(662 663 673 672)
4(573 574 584 583)
4(583 584 594 593)
4(593 594 604 603)
4(603 604 614 613)
4(613 614 624 623)
4(623 624 634 633)
4(633 634 644 643)
4(643 644 654 653)
4(653 654 664 663)
4(663 664 674 673)
4(574 575 585 584)
4(584 585 595 594)
4(594 595 605 604)
4(604 605 615 614)
4(614 615 625 624)
4(624 625 635 634)
4(634 635 645 644)
4(644 645 655 654)
4(654 655 665 664)
4(664 665 675 674)
4(575 576 586 585)
4(585 586 596 595)
4(595 596 606 605)
4(605 606 616 615)
4(615 616 626 625)
4(625 626 636 635)
4(635 636 646 645)
4(645 646 656 655)
4(655 656 666 665)
4(665 666 676 675)
4(576 577 587 586)
4(586 587 597 596)
4(596 597 607 606)
4(606 607 617 616)
4(616 617 627 626)
4(626 627 637 636)
4(636 637 647 646)
4(646 647 657 656)
4(656 657 667 666)
4(666 667 677 676)
4(577 578 588 587)
4(587 588 598 597)
4(597 598 608 607)
4(607 608 618 617)
4(617 618 628 627)
4(627 628 638 637)
4(637 638 648 647)
4(647 648 658 657)
4(657 658 668 667)
4(667 668 678 677)
4(578 579 589 588)
4(588 589 599 598)
4(598 599 609 608)
4(608 609 619 618)
4(618 619 629 628)
4(628 629 639 638)
4(638 639 649 648)
4(648 649 659 658)
4(658 659 669 668)
4(668 669 679 678)
4(579 580 590 589)
4(589 590 600 599)
4(599 600 610 609)
4(609 610 620 619)
4(619 620 630 629)
4(629 630 640 639)
4(639 640 650 649)
4(649 650 660 659)
4(659 660 670 669)
4(669 670 680 679)
4(580 581 591 590)
4(590 591 601 600)
4(600 601 611 610)
4(610 611 621 620)
4(620 621 631 630)
4(630 631 641 640)
4(640 641 651 650)
4(650 651 661 660)
4(660 661 671 670)
4(670 671 681 680)
)


// ************************************************************************* //
